00000000000000000000000000000001
10000000000000000000000000010000
11000010000000000000000000000000
00000000000000000000000000000010
10000000000000010000000000000000
10000011101001110100100110001011
10010110000000010001011100001101
10110001000101001000011011001000
00000000000000000000000000000001
11000001000000000000000000000000
10100000000000000000001000000000
10100000000010000000000000000000
10000000010000000001000000000000
11011100000110001011010001110100
10001000111101101110100011100010
10001100101010100110100100110111
10000000010000000000000000000000
[3, 2, 3, 2, 3, 3, 1]
[0, 3, 5, 8, 10, 13, 16]
10000000000000000000000010000000
10100010011001000000001101001000
11100000000000000001000000010000
10000010000001011000000000000100
00000000000000000000000000000001
10000000000010000000000000000010
10000000001000000010000000000000
10000000000000000000000000000001
10000001000000010100000000000010
10001010000000000000000100100001
11000000010100000000001000000000
00000000000000000000000000000010
10000000000000000001000000000000
00000000000000000000000000000010
10000000000000000000000010000000
00000000000000000000000000000010
10000001000000000000000000000000
11000000100010100000100000000000
10010100001001111010111010001000
10100000000000000100000001011001
10010000000000000011000000000000
00000000000000000000000000000001
10000000000000000000010000000000
10001100000100001000010000110100
10000000110100000100000001000000
10001100100010100000100100100010
00000000000000000000000000000010
10010000000000000000000000000000
00000000000000000000000000000001
10000001000000000000000000000100
[1, 3, 3, 1, 3, 2, 2, 2, 3, 3, 3, 2, 2]
[0, 1, 4, 7, 8, 11, 13, 15, 17, 20, 23, 26, 28]
10010000000000000000000001000000
00000000000000000000000000000001
10001000000100000000000000010000
11101101111101110111101110101110
11111111010111111111111111110111
11110111111011111011010111001011
10000000000000000000010000010001
00000000000000000000000000000001
10000000000000000000000000100000
10000000000010001000000000000000
10000000101000000000000000000000
10000000000000000100101000000100
10000010000000000000000000000000
10000000000000000000000000001000
[3, 3, 3, 3, 2]
[0, 3, 6, 9, 12]
10000000000000100000000000000000
10000000000000000010000000000001
10000000010001000000000000000000
10000000000000100000000010000000
10000000000000000001000000000000
00000000000000000000000000000010
10000000000100000000000000000000
00000000000000000000000000000010
10000000001000000000000000000000
00000000000000000000000000000001
10000000000100000000000000000000
10010000000000000000000000000000
00000000000000000000000000000001
10000000000000000000000000010000
11101111111101011100111111101110
11111011101010111111111101111111
11111111110011011111111101001110
00000000000000000000000000000001
10000100000000000000000000000000
10000000000010000000000000010000
10000000000000000000000010000000
10000000000000000000000000100001
[1, 3, 1, 2, 2, 2, 3, 3, 2, 3]
[0, 1, 4, 5, 7, 9, 11, 14, 17, 19]
